
    1  15:21:31          20         135      13988.3  0.14895          
    2  15:22:07          20         130      11365.1  0.169826          
    3  15:22:42          20         125      10532.8  0.264583          
    4  15:23:17          20         120      9618.36  0.0907034          
    5  15:23:53          20         115      9497.84  0.215409          
    6  15:24:28          20         110      10883.9  0.446992          
    7  15:25:03          20         105        11009  0.479847          
    8  15:25:39          20         100      11125.5  0.560954          
    9  15:26:14          20          95      10741.3  0.263544          
   10  15:26:50          20          90      11462.4  0.297917          
   11  15:27:25          20          85      11472.8  0.235258          
   12  15:28:00          20          80      12452.1  0.269276          
   13  15:28:35          20          75      13466.7  0.354472          
   14  15:29:11          20          70      15656.3  0.662154          
   15  15:29:46          20          65      22736.3  1.14731          
   16  15:30:21          20          60      19930.8  0.400509          
   17  15:30:57          20          55      24931.3  0.36867          
   18  15:31:32          20          50      34237.6  0.60288          
   19  15:32:07          20          45      35355.7  0.401064          
   20  15:32:43          20          40      61292.9  0.613289          
   21  15:33:18          20          35       636146  27.5774          
